181
0.000000000000000e+0
1.000367375824363e-1
1.987383008544266e-1
2.960405468103874e-1
3.918837242162521e-1
4.862125545580248e-1
5.789762864208110e-1
6.701287240312084e-1
7.596282309116864e-1
8.474377097872270e-1
9.335245600505837e-1
1.017860614232300e+0
1.100422055034747e+0
1.181189314576203e+0
1.260146957552091e+0
1.337283550056978e+0
1.412591515824338e+0
1.486066981633052e+0
1.557709613602171e+0
1.627522446050639e+0
1.695511704538699e+0
1.761686624634779e+0
1.826059267868083e+0
1.888644336234877e+0
1.949458986527919e+0
2.008522645655280e+0
2.065856828009031e+0
2.121484955837396e+0
2.175432183467555e+0
2.227725226121611e+0
2.278392193966456e+0
2.327462431940269e+0
2.374966365805006e+0
2.420935354786062e+0
2.465401551077733e+0
2.508397766416646e+0
2.549957345854885e+0
2.590114048800566e+0
2.628901937335712e+0
2.666355271769675e+0
2.702508413340661e+0
2.737395733938010e+0
2.771051532683519e+0
2.803509959180830e+0
2.834804943217590e+0
2.864970130685264e+0
2.894038825465717e+0
2.922043937021890e+0
2.949017933421356e+0
2.974992799516189e+0
3.000000000000000e+0
3.025000000000000e+0
3.050000000000000e+0
3.075000000000000e+0
3.100000000000000e+0
3.125000000000000e+0
3.149999999999999e+0
3.174999999999999e+0
3.199999999999999e+0
3.224999999999999e+0
3.249999999999999e+0
3.274999999999999e+0
3.299999999999999e+0
3.324999999999999e+0
3.349999999999999e+0
3.374999999999999e+0
3.399999999999999e+0
3.424999999999998e+0
3.449999999999998e+0
3.474999999999998e+0
3.499999999999998e+0
3.524999999999998e+0
3.549999999999998e+0
3.574999999999998e+0
3.599999999999998e+0
3.624999999999998e+0
3.649999999999998e+0
3.674999999999998e+0
3.699999999999998e+0
3.724999999999997e+0
3.749999999999997e+0
3.774999999999997e+0
3.799999999999997e+0
3.824999999999997e+0
3.849999999999997e+0
3.874999999999997e+0
3.899999999999997e+0
3.924999999999997e+0
3.949999999999997e+0
3.974999999999997e+0
4.000000000000000e+0
4.025005273229562e+0
4.051036505698887e+0
4.078132657096997e+0
4.106333896012796e+0
4.135681613549952e+0
4.166218434686955e+0
4.197988227110143e+0
4.231036107229469e+0
4.265408443068298e+0
4.301152853699874e+0
4.338318204884265e+0
4.376954600540800e+0
4.417113369672401e+0
4.458847048340013e+0
4.502209356267739e+0
4.547255167642565e+0
4.594040475657034e+0
4.642622350329127e+0
4.693058889121424e+0
4.745409159871612e+0
4.799733135539049e+0
4.856091620267893e+0
4.914546166266693e+0
4.975158981007815e+0
5.037992824258327e+0
5.103110894467423e+0
5.170576704054800e+0
5.240453943170270e+0
5.312806331527849e+0
5.387697457958232e+0
5.465190607372709e+0
5.545348574889496e+0
5.628233466941023e+0
5.713906489258227e+0
5.802427721715763e+0
5.893855880120756e+0
5.988248065137292e+0
6.085659498659534e+0
6.186143248077901e+0
6.289749939025117e+0
6.396527457341349e+0
6.506520641159790e+0
6.619770964184511e+0
6.736316211410362e+0
6.856190148718451e+0
6.979422187968240e+0
7.106037049397065e+0
7.236054423326598e+0
7.369488633361512e+0
7.506348303444723e+0
7.646636031303183e+0
7.790348070974535e+0
7.937474027244322e+0
8.087996564942138e+0
8.241891136139277e+0
8.399125728355770e+0
8.559660636918185e+0
8.723448264606976e+0
8.890432951690558e+0
9.060550839360026e+0
9.233729769450719e+0
9.409889223163661e+0
9.588940301279909e+0
9.770785748093976e+0
9.955320020980206e+0
1.014242940714894e+1
1.033199218875183e+1
1.052387885705996e+1
1.071795237597130e+1
1.091406849460898e+1
1.111207610825822e+1
1.131181766636297e+1
1.151312962577218e+1
1.171584294690005e+1
1.191978362995119e+1
1.212477328787157e+1
1.233062975222757e+1
1.253716770779633e+1
1.274419935128038e+1
1.295153506924402e+1
1.315898413011535e+1
1.336635538491082e+1
1.357345797122270e+1
1.378010201496585e+1
1.398609932441090e+1
1.419126407113309e+1
1.439541345268106e+1
1.459836833201090e+1
1.479995384903558e+1
1.499999999999999e+1
