151
0.000000000000000e+0
1.000424934406168e-1
1.980344717461749e-1
2.939468448554861e-1
3.877556641925398e-1
4.794419824276007e-1
5.689916952072260e-1
6.563953670572216e-1
7.416480436553434e-1
8.247490526380358e-1
9.057017950503015e-1
9.845135294728992e-1
1.061195150769257e+0
1.135760965288749e+0
1.208228464246128e+0
1.278618096871652e+0
1.346953044795320e+0
1.413258998994083e+0
1.477563940495011e+0
1.539897925892122e+0
1.600292878601641e+0
1.658782386651271e+0
1.715401507674877e+0
1.770186581665755e+0
1.823175051930260e+0
1.874405294579463e+0
1.923916456800189e+0
1.971748304058448e+0
2.017941076308048e+0
2.062535353204937e+0
2.105571928263560e+0
2.147091691834889e+0
2.187135522736525e+0
2.225744188323011e+0
2.262958252748863e+0
2.298817993147290e+0
2.333363323423802e+0
2.366633725345273e+0
2.398668186591275e+0
2.429505145424901e+0
2.459182441634664e+0
2.487737273396744e+0
2.515206159707613e+0
2.541624908040342e+0
2.567028586883497e+0
2.591451502828941e+0
2.614927181883913e+0
2.637488354693077e+0
2.659166945367605e+0
2.679994063630477e+0
2.700000000000000e+0
2.720000000000000e+0
2.740000000000000e+0
2.760000000000000e+0
2.780000000000000e+0
2.800000000000000e+0
2.820000000000000e+0
2.840000000000000e+0
2.860000000000000e+0
2.880000000000000e+0
2.900000000000000e+0
2.920000000000000e+0
2.940000000000000e+0
2.960000000000000e+0
2.980000000000000e+0
3.000000000000000e+0
3.020000000000000e+0
3.040000000000000e+0
3.060000000000000e+0
3.080000000000001e+0
3.100000000000001e+0
3.120000000000001e+0
3.140000000000001e+0
3.160000000000001e+0
3.180000000000001e+0
3.200000000000001e+0
3.220000000000001e+0
3.240000000000001e+0
3.260000000000001e+0
3.280000000000001e+0
3.300000000000001e+0
3.320000000000001e+0
3.340000000000001e+0
3.360000000000001e+0
3.380000000000001e+0
3.400000000000001e+0
3.420000000000001e+0
3.440000000000001e+0
3.460000000000001e+0
3.480000000000001e+0
3.500000000000001e+0
3.520000000000001e+0
3.540000000000001e+0
3.560000000000001e+0
3.580000000000001e+0
3.600000000000001e+0
3.620000000000001e+0
3.640000000000001e+0
3.660000000000001e+0
3.680000000000001e+0
3.700000000000000e+0
3.720005936369524e+0
3.740833054632395e+0
3.762511645306923e+0
3.785072818116087e+0
3.808548497171058e+0
3.832971413116502e+0
3.858375091959657e+0
3.884793840292386e+0
3.912262726603254e+0
3.940817558365334e+0
3.970494854575097e+0
4.001331813408723e+0
4.033366274654725e+0
4.066636676576195e+0
4.101182006852707e+0
4.137041747251134e+0
4.174255811676986e+0
4.212864477263471e+0
4.252908308165107e+0
4.294428071736436e+0
4.337464646795059e+0
4.382058923691947e+0
4.428251695941547e+0
4.476083543199807e+0
4.525594705420532e+0
4.576824948069735e+0
4.629813418334240e+0
4.684598492325118e+0
4.741217613348724e+0
4.799707121398353e+0
4.860102074107873e+0
4.922436059504983e+0
4.986741001005912e+0
5.053046955204675e+0
5.121381903128342e+0
5.191771535753866e+0
5.264239034711246e+0
5.338804849230738e+0
5.415486470527096e+0
5.494298204949693e+0
5.575250947361958e+0
5.658351956344653e+0
5.743604632942775e+0
5.831008304792771e+0
5.920558017572397e+0
6.012244335807459e+0
6.106053155144513e+0
6.201965528253824e+0
6.299957506559382e+0
6.400000000000000e+0
