151
0.000000000000000e+0
2.499807616445266e-3
5.071138713803131e-3
7.715894838889134e-3
1.043601942629255e-2
1.323349819037114e-2
1.611035948417950e-2
1.906867462236110e-2
2.211055816488799e-2
2.523816815838345e-2
2.845370633161060e-2
3.175941824155626e-2
3.515759336638288e-2
3.865056514136405e-2
4.224071093376011e-2
4.593045195243162e-2
4.972225308782944e-2
5.361862267784212e-2
5.762211219482567e-2
6.173531584898633e-2
6.596087010313773e-2
7.030145309370771e-2
7.475978395273110e-2
7.933862202543020e-2
8.404076597786272e-2
8.886905278899909e-2
9.382635662148894e-2
9.891558756528523e-2
1.041396902482168e-1
1.095016423075408e-1
1.150044527164643e-1
1.206511599596005e-1
1.264448300513278e-1
1.323885543910433e-1
1.384854474493530e-1
1.447386442793248e-1
1.511512978470386e-1
1.577265761758170e-1
1.644676592987027e-1
1.713777360139718e-1
1.784600004387313e-1
1.857176483559676e-1
1.931538733507558e-1
2.007718627317582e-1
2.085747932345825e-1
2.165658265040993e-1
2.247481043533682e-1
2.331247437974629e-1
2.416988318611651e-1
2.504734201602518e-1
2.594515192569035e-1
2.686360927906561e-1
2.780300513872385e-1
2.876362463486698e-1
2.974574631290423e-1
3.074964146015686e-1
3.177557341236639e-1
3.282379684080999e-1
3.389455702095838e-1
3.498808908374907e-1
3.610461725069160e-1
3.724435405416609e-1
3.840749954443167e-1
3.959424048501160e-1
4.080474953828379e-1
4.203918444326106e-1
4.329768718770857e-1
4.458038317690355e-1
4.588738040150391e-1
4.721876860714661e-1
4.857461846855162e-1
4.995498077105344e-1
5.135988560262580e-1
5.278934155959720e-1
5.424333496937981e-1
5.572182913364830e-1
5.722476359550497e-1
5.875205343425458e-1
6.030358859148305e-1
6.187923323218741e-1
6.347882514473946e-1
6.510217518347768e-1
6.674906675771687e-1
6.841925537093110e-1
7.011246821381174e-1
7.182840381482085e-1
7.356673175175280e-1
7.532709242768346e-1
7.710909691452311e-1
7.891232686720179e-1
8.073633451129660e-1
8.258064270666767e-1
8.444474508939631e-1
8.632810629402250e-1
8.823016225775620e-1
9.015032060798922e-1
9.208796113407018e-1
9.404243634391276e-1
9.601307210560571e-1
9.799916837377346e-1
1.000000000000000e+0
1.020017049372311e+0
1.040239380892285e+0
1.060682483340824e+0
1.081362453326636e+0
1.102296050148151e+0
1.123500754782982e+0
1.144994833467987e+0
1.166797406385292e+0
1.188928522029323e+0
1.211409237898039e+0
1.234261708229390e+0
1.257509279593181e+0
1.281176595250723e+0
1.305289709312030e+0
1.329876211855404e+0
1.354965366330026e+0
1.380588260742131e+0
1.406777974333771e+0
1.433569761705090e+0
1.461001256612499e+0
1.489112698003468e+0
1.517947181232605e+0
1.547550937853977e+0
1.577973647914154e+0
1.609268789295008e+0
1.641494029394226e+0
1.674711665308489e+0
1.708989119728618e+0
1.744399501003861e+0
1.781022237329061e+0
1.818943796809790e+0
1.858258507337412e+0
1.899069492847387e+0
1.941489745752653e+0
1.985643359283396e+0
2.031666948308820e+0
2.079711293202560e+0
2.129943248748395e+0
2.182547969367050e+0
2.237731513603886e+0
2.295723905545783e+0
2.356782749558465e+0
2.421197518693936e+0
2.489294667990563e+0
2.561443763966073e+0
2.638064874040427e+0
2.719637528806037e+0
2.806711662146136e+0
2.899921057934728e+0
3.000000000000001e+0
